Steppingstone sampler:
        No Stones:                  1000
        Start It:                   10000001
        It Per Stone:               5000
        Sample Freq:                1
        Dist:                       Beta(0.400000,1.000000)
Stone No	Power	N	Stone MLh	Running MLh
0	0.997502	3750	-1.009208	-1.009208
1	0.995007	3750	-1.010646	-2.019854
2	0.992517	3750	-0.995265	-3.015119
3	0.990030	3750	-1.030078	-4.045197
4	0.987547	3750	-1.010477	-5.055674
5	0.985067	3750	-0.992959	-6.048633
6	0.982592	3750	-1.004711	-7.053345
7	0.980120	3750	-0.996529	-8.049873
8	0.977652	3750	-0.999670	-9.049544
9	0.975187	3750	-1.009363	-10.058907
10	0.972726	3750	-0.995395	-11.054302
11	0.970269	3750	-1.010454	-12.064757
12	0.967816	3750	-0.989046	-13.053802
13	0.965367	3750	-0.999940	-14.053742
14	0.962921	3750	-1.009472	-15.063214
15	0.960479	3750	-0.978319	-16.041533
16	0.958040	3750	-1.020436	-17.061969
17	0.955606	3750	-1.018616	-18.080585
18	0.953175	3750	-1.000513	-19.081098
19	0.950747	3750	-1.007133	-20.088231
20	0.948324	3750	-1.001766	-21.089997
21	0.945904	3750	-0.994992	-22.084989
22	0.943488	3750	-0.997401	-23.082390
23	0.941076	3750	-0.994796	-24.077186
24	0.938667	3750	-0.952400	-25.029586
25	0.936262	3750	-0.978679	-26.008265
26	0.933861	3750	-0.997877	-27.006142
27	0.931463	3750	-0.968183	-27.974325
28	0.929069	3750	-0.983541	-28.957866
29	0.926679	3750	-0.973493	-29.931359
30	0.924293	3750	-0.969345	-30.900704
31	0.921910	3750	-0.989078	-31.889783
32	0.919531	3750	-0.986743	-32.876525
33	0.917155	3750	-0.996558	-33.873083
34	0.914783	3750	-0.969187	-34.842271
35	0.912415	3750	-0.962900	-35.805171
36	0.910051	3750	-0.942685	-36.747855
37	0.907690	3750	-0.985679	-37.733534
38	0.905333	3750	-0.973862	-38.707397
39	0.902980	3750	-0.957467	-39.664864
40	0.900630	3750	-0.948874	-40.613738
41	0.898284	3750	-0.952943	-41.566682
42	0.895942	3750	-0.947602	-42.514284
43	0.893603	3750	-0.962161	-43.476445
44	0.891268	3750	-0.946937	-44.423382
45	0.888937	3750	-0.951254	-45.374635
46	0.886609	3750	-0.956340	-46.330976
47	0.884285	3750	-0.944974	-47.275950
48	0.881965	3750	-0.937965	-48.213914
49	0.879648	3750	-0.940643	-49.154557
50	0.877335	3750	-0.931992	-50.086549
51	0.875026	3750	-0.929111	-51.015660
52	0.872720	3750	-0.946603	-51.962264
53	0.870418	3750	-0.950565	-52.912829
54	0.868120	3750	-0.943306	-53.856135
55	0.865825	3750	-0.951767	-54.807902
56	0.863534	3750	-0.948927	-55.756829
57	0.861246	3750	-0.916303	-56.673132
58	0.858962	3750	-0.945251	-57.618383
59	0.856682	3750	-0.938103	-58.556485
60	0.854405	3750	-0.924486	-59.480971
61	0.852132	3750	-0.928223	-60.409194
62	0.849863	3750	-0.918987	-61.328181
63	0.847597	3750	-0.935958	-62.264139
64	0.845335	3750	-0.915563	-63.179703
65	0.843077	3750	-0.920292	-64.099995
66	0.840822	3750	-0.919828	-65.019823
67	0.838571	3750	-0.924968	-65.944792
68	0.836323	3750	-0.909566	-66.854358
69	0.834079	3750	-0.897529	-67.751887
70	0.831839	3750	-0.904674	-68.656561
71	0.829602	3750	-0.908111	-69.564672
72	0.827369	3750	-0.917376	-70.482048
73	0.825140	3750	-0.934269	-71.416317
74	0.822914	3750	-0.924294	-72.340612
75	0.820691	3750	-0.918564	-73.259176
76	0.818473	3750	-0.926502	-74.185678
77	0.816258	3750	-0.923589	-75.109267
78	0.814046	3750	-0.933713	-76.042980
79	0.811838	3750	-0.903207	-76.946188
80	0.809634	3750	-0.905885	-77.852072
81	0.807433	3750	-0.901617	-78.753689
82	0.805236	3750	-0.915821	-79.669511
83	0.803043	3750	-0.915341	-80.584851
84	0.800853	3750	-0.922435	-81.507286
85	0.798667	3750	-0.924822	-82.432109
86	0.796484	3750	-0.910891	-83.343000
87	0.794305	3750	-0.917238	-84.260238
88	0.792129	3750	-0.910755	-85.170993
89	0.789957	3750	-0.900322	-86.071315
90	0.787789	3750	-0.908176	-86.979491
91	0.785624	3750	-0.898945	-87.878436
92	0.783463	3750	-0.907457	-88.785893
93	0.781305	3750	-0.904413	-89.690306
94	0.779151	3750	-0.910039	-90.600345
95	0.777000	3750	-0.895292	-91.495637
96	0.774853	3750	-0.896054	-92.391691
97	0.772710	3750	-0.861278	-93.252969
98	0.770570	3750	-0.877703	-94.130672
99	0.768433	3750	-0.879264	-95.009936
100	0.766301	3750	-0.890080	-95.900016
101	0.764172	3750	-0.895014	-96.795029
102	0.762046	3750	-0.890414	-97.685443
103	0.759924	3750	-0.886066	-98.571509
104	0.757805	3750	-0.886660	-99.458168
105	0.755690	3750	-0.876454	-100.334622
106	0.753579	3750	-0.880315	-101.214938
107	0.751471	3750	-0.891152	-102.106090
108	0.749366	3750	-0.872303	-102.978393
109	0.747266	3750	-0.882990	-103.861383
110	0.745168	3750	-0.881216	-104.742600
111	0.743075	3750	-0.883517	-105.626116
112	0.740984	3750	-0.877117	-106.503233
113	0.738898	3750	-0.876389	-107.379622
114	0.736815	3750	-0.875792	-108.255413
115	0.734735	3750	-0.896250	-109.151663
116	0.732659	3750	-0.866406	-110.018069
117	0.730586	3750	-0.867564	-110.885632
118	0.728517	3750	-0.876026	-111.761658
119	0.726452	3750	-0.872981	-112.634639
120	0.724390	3750	-0.853090	-113.487729
121	0.722331	3750	-0.856893	-114.344622
122	0.720276	3750	-0.867364	-115.211986
123	0.718225	3750	-0.848970	-116.060956
124	0.716177	3750	-0.852900	-116.913856
125	0.714132	3750	-0.852084	-117.765941
126	0.712091	3750	-0.875254	-118.641195
127	0.710054	3750	-0.859564	-119.500759
128	0.708020	3750	-0.865408	-120.366167
129	0.705989	3750	-0.874475	-121.240641
130	0.703962	3750	-0.850689	-122.091330
131	0.701939	3750	-0.855182	-122.946513
132	0.699919	3750	-0.844594	-123.791107
133	0.697902	3750	-0.835606	-124.626713
134	0.695889	3750	-0.851207	-125.477920
135	0.693880	3750	-0.831854	-126.309774
136	0.691874	3750	-0.833945	-127.143719
137	0.689871	3750	-0.845047	-127.988766
138	0.687872	3750	-0.859143	-128.847909
139	0.685877	3750	-0.839499	-129.687409
140	0.683885	3750	-0.853282	-130.540691
141	0.681896	3750	-0.819443	-131.360133
142	0.679911	3750	-0.821118	-132.181251
143	0.677929	3750	-0.819992	-133.001243
144	0.675951	3750	-0.854804	-133.856047
145	0.673976	3750	-0.820380	-134.676427
146	0.672005	3750	-0.845392	-135.521819
147	0.670037	3750	-0.824516	-136.346335
148	0.668073	3750	-0.831051	-137.177386
149	0.666112	3750	-0.835765	-138.013150
150	0.664155	3750	-0.817774	-138.830924
151	0.662201	3750	-0.829394	-139.660317
152	0.660250	3750	-0.812495	-140.472813
153	0.658303	3750	-0.833654	-141.306467
154	0.656359	3750	-0.810738	-142.117205
155	0.654419	3750	-0.804430	-142.921635
156	0.652483	3750	-0.803624	-143.725258
157	0.650549	3750	-0.814566	-144.539824
158	0.648619	3750	-0.823203	-145.363027
159	0.646693	3750	-0.810888	-146.173915
160	0.644770	3750	-0.811166	-146.985081
161	0.642851	3750	-0.819055	-147.804136
162	0.640934	3750	-0.803075	-148.607211
163	0.639022	3750	-0.798109	-149.405320
164	0.637113	3750	-0.811719	-150.217039
165	0.635207	3750	-0.800581	-151.017620
166	0.633304	3750	-0.818544	-151.836164
167	0.631405	3750	-0.803857	-152.640021
168	0.629510	3750	-0.810321	-153.450342
169	0.627618	3750	-0.829168	-154.279510
170	0.625729	3750	-0.784229	-155.063738
171	0.623844	3750	-0.785977	-155.849715
172	0.621962	3750	-0.794446	-156.644161
173	0.620083	3750	-0.786462	-157.430623
174	0.618208	3750	-0.801157	-158.231781
175	0.616337	3750	-0.805682	-159.037463
176	0.614468	3750	-0.779951	-159.817414
177	0.612604	3750	-0.796444	-160.613859
178	0.610742	3750	-0.776835	-161.390694
179	0.608884	3750	-0.799804	-162.190498
180	0.607029	3750	-0.781666	-162.972164
181	0.605178	3750	-0.794859	-163.767023
182	0.603330	3750	-0.779688	-164.546711
183	0.601486	3750	-0.782975	-165.329686
184	0.599645	3750	-0.770796	-166.100483
185	0.597807	3750	-0.788211	-166.888693
186	0.595973	3750	-0.790548	-167.679241
187	0.594142	3750	-0.781099	-168.460340
188	0.592314	3750	-0.782547	-169.242887
189	0.590490	3750	-0.778128	-170.021015
190	0.588669	3750	-0.785169	-170.806184
191	0.586852	3750	-0.790050	-171.596233
192	0.585038	3750	-0.762875	-172.359108
193	0.583227	3750	-0.777938	-173.137046
194	0.581420	3750	-0.769869	-173.906915
195	0.579616	3750	-0.761960	-174.668875
196	0.577815	3750	-0.766686	-175.435561
197	0.576018	3750	-0.759770	-176.195331
198	0.574224	3750	-0.769050	-176.964381
199	0.572433	3750	-0.753487	-177.717868
200	0.570646	3750	-0.769544	-178.487412
201	0.568862	3750	-0.771646	-179.259057
202	0.567082	3750	-0.775316	-180.034373
203	0.565305	3750	-0.753535	-180.787908
204	0.563531	3750	-0.776936	-181.564844
205	0.561761	3750	-0.761973	-182.326817
206	0.559993	3750	-0.748877	-183.075694
207	0.558230	3750	-0.744599	-183.820293
208	0.556469	3750	-0.753257	-184.573550
209	0.554712	3750	-0.747523	-185.321073
210	0.552958	3750	-0.754876	-186.075948
211	0.551208	3750	-0.743886	-186.819834
212	0.549461	3750	-0.753896	-187.573731
213	0.547717	3750	-0.740147	-188.313877
214	0.545977	3750	-0.741561	-189.055438
215	0.544240	3750	-0.744588	-189.800027
216	0.542506	3750	-0.730035	-190.530062
217	0.540775	3750	-0.747343	-191.277404
218	0.539048	3750	-0.753618	-192.031022
219	0.537324	3750	-0.737636	-192.768659
220	0.535604	3750	-0.734065	-193.502724
221	0.533887	3750	-0.744706	-194.247430
222	0.532173	3750	-0.749863	-194.997293
223	0.530462	3750	-0.731620	-195.728913
224	0.528755	3750	-0.732564	-196.461476
225	0.527051	3750	-0.736217	-197.197693
226	0.525350	3750	-0.741049	-197.938743
227	0.523653	3750	-0.738492	-198.677235
228	0.521958	3750	-0.725235	-199.402470
229	0.520268	3750	-0.723733	-200.126203
230	0.518580	3750	-0.722715	-200.848918
231	0.516896	3750	-0.732442	-201.581360
232	0.515215	3750	-0.730422	-202.311782
233	0.513537	3750	-0.743864	-203.055647
234	0.511863	3750	-0.715615	-203.771261
235	0.510192	3750	-0.711914	-204.483176
236	0.508524	3750	-0.727368	-205.210544
237	0.506859	3750	-0.721632	-205.932176
238	0.505198	3750	-0.730768	-206.662944
239	0.503540	3750	-0.713330	-207.376274
240	0.501885	3750	-0.736156	-208.112430
241	0.500234	3750	-0.722027	-208.834457
242	0.498586	3750	-0.710467	-209.544924
243	0.496941	3750	-0.713995	-210.258919
244	0.495299	3750	-0.713088	-210.972008
245	0.493660	3750	-0.711900	-211.683908
246	0.492025	3750	-0.724717	-212.408625
247	0.490393	3750	-0.725730	-213.134355
248	0.488765	3750	-0.714626	-213.848980
249	0.487139	3750	-0.707738	-214.556718
250	0.485517	3750	-0.702089	-215.258808
251	0.483898	3750	-0.701332	-215.960140
252	0.482283	3750	-0.711600	-216.671739
253	0.480670	3750	-0.709128	-217.380867
254	0.479061	3750	-0.700043	-218.080910
255	0.477455	3750	-0.700845	-218.781755
256	0.475852	3750	-0.706471	-219.488226
257	0.474253	3750	-0.689148	-220.177374
258	0.472656	3750	-0.705350	-220.882724
259	0.471063	3750	-0.683792	-221.566516
260	0.469474	3750	-0.677431	-222.243947
261	0.467887	3750	-0.678462	-222.922408
262	0.466304	3750	-0.675381	-223.597790
263	0.464723	3750	-0.689489	-224.287279
264	0.463146	3750	-0.677904	-224.965183
265	0.461573	3750	-0.686640	-225.651822
266	0.460002	3750	-0.679939	-226.331761
267	0.458435	3750	-0.691582	-227.023343
268	0.456871	3750	-0.678071	-227.701415
269	0.455310	3750	-0.685047	-228.386462
270	0.453752	3750	-0.670552	-229.057014
271	0.452198	3750	-0.672116	-229.729130
272	0.450647	3750	-0.682456	-230.411587
273	0.449098	3750	-0.667727	-231.079314
274	0.447554	3750	-0.671042	-231.750356
275	0.446012	3750	-0.680586	-232.430941
276	0.444473	3750	-0.677281	-233.108222
277	0.442938	3750	-0.669129	-233.777352
278	0.441406	3750	-0.676511	-234.453863
279	0.439877	3750	-0.679310	-235.133173
280	0.438351	3750	-0.652348	-235.785521
281	0.436829	3750	-0.674345	-236.459866
282	0.435309	3750	-0.660298	-237.120164
283	0.433793	3750	-0.664066	-237.784230
284	0.432280	3750	-0.661948	-238.446179
285	0.430770	3750	-0.663582	-239.109761
286	0.429263	3750	-0.660405	-239.770166
287	0.427760	3750	-0.648038	-240.418204
288	0.426259	3750	-0.658613	-241.076817
289	0.424762	3750	-0.651734	-241.728551
290	0.423268	3750	-0.664561	-242.393113
291	0.421777	3750	-0.646092	-243.039205
292	0.420289	3750	-0.652001	-243.691206
293	0.418805	3750	-0.653071	-244.344277
294	0.417323	3750	-0.658211	-245.002488
295	0.415845	3750	-0.643994	-245.646483
296	0.414370	3750	-0.642993	-246.289476
297	0.412898	3750	-0.641211	-246.930687
298	0.411429	3750	-0.662972	-247.593659
299	0.409963	3750	-0.637703	-248.231362
300	0.408501	3750	-0.638914	-248.870276
301	0.407041	3750	-0.638305	-249.508581
302	0.405585	3750	-0.651933	-250.160514
303	0.404132	3750	-0.635399	-250.795913
304	0.402682	3750	-0.639288	-251.435201
305	0.401235	3750	-0.644109	-252.079310
306	0.399791	3750	-0.633751	-252.713061
307	0.398350	3750	-0.634322	-253.347383
308	0.396913	3750	-0.636140	-253.983523
309	0.395478	3750	-0.623220	-254.606743
310	0.394047	3750	-0.620482	-255.227224
311	0.392619	3750	-0.627191	-255.854415
312	0.391194	3750	-0.634596	-256.489011
313	0.389772	3750	-0.640170	-257.129181
314	0.388353	3750	-0.631089	-257.760271
315	0.386937	3750	-0.637393	-258.397664
316	0.385524	3750	-0.617432	-259.015096
317	0.384115	3750	-0.637707	-259.652803
318	0.382708	3750	-0.612902	-260.265705
319	0.381305	3750	-0.623798	-260.889502
320	0.379904	3750	-0.611622	-261.501124
321	0.378507	3750	-0.632693	-262.133818
322	0.377113	3750	-0.618667	-262.752485
323	0.375722	3750	-0.614418	-263.366902
324	0.374334	3750	-0.621510	-263.988412
325	0.372949	3750	-0.613471	-264.601883
326	0.371567	3750	-0.617931	-265.219814
327	0.370189	3750	-0.618853	-265.838667
328	0.368813	3750	-0.618005	-266.456672
329	0.367440	3750	-0.606115	-267.062787
330	0.366071	3750	-0.618699	-267.681486
331	0.364705	3750	-0.604073	-268.285558
332	0.363341	3750	-0.601405	-268.886964
333	0.361981	3750	-0.598893	-269.485857
334	0.360624	3750	-0.605661	-270.091518
335	0.359269	3750	-0.607615	-270.699133
336	0.357918	3750	-0.592707	-271.291841
337	0.356570	3750	-0.602542	-271.894382
338	0.355225	3750	-0.601569	-272.495951
339	0.353883	3750	-0.604046	-273.099997
340	0.352544	3750	-0.598042	-273.698040
341	0.351208	3750	-0.589921	-274.287960
342	0.349875	3750	-0.597812	-274.885773
343	0.348546	3750	-0.590088	-275.475861
344	0.347219	3750	-0.591765	-276.067626
345	0.345895	3750	-0.597174	-276.664800
346	0.344574	3750	-0.594146	-277.258946
347	0.343257	3750	-0.582187	-277.841133
348	0.341942	3750	-0.587314	-278.428447
349	0.340630	3750	-0.582245	-279.010692
350	0.339322	3750	-0.584267	-279.594959
351	0.338016	3750	-0.574544	-280.169503
352	0.336714	3750	-0.577516	-280.747019
353	0.335414	3750	-0.583022	-281.330041
354	0.334118	3750	-0.578116	-281.908157
355	0.332824	3750	-0.591598	-282.499755
356	0.331534	3750	-0.575060	-283.074815
357	0.330246	3750	-0.569511	-283.644326
358	0.328962	3750	-0.567874	-284.212199
359	0.327680	3750	-0.577783	-284.789983
360	0.326401	3750	-0.575503	-285.365486
361	0.325126	3750	-0.569522	-285.935007
362	0.323853	3750	-0.568551	-286.503559
363	0.322584	3750	-0.571447	-287.075006
364	0.321317	3750	-0.565616	-287.640622
365	0.320054	3750	-0.570460	-288.211082
366	0.318793	3750	-0.562442	-288.773524
367	0.317536	3750	-0.559264	-289.332787
368	0.316281	3750	-0.561941	-289.894728
369	0.315030	3750	-0.564993	-290.459721
370	0.313781	3750	-0.563771	-291.023492
371	0.312535	3750	-0.549897	-291.573388
372	0.311293	3750	-0.562070	-292.135458
373	0.310053	3750	-0.556907	-292.692365
374	0.308816	3750	-0.556093	-293.248458
375	0.307582	3750	-0.550635	-293.799093
376	0.306352	3750	-0.551777	-294.350870
377	0.305124	3750	-0.548247	-294.899117
378	0.303899	3750	-0.554824	-295.453941
379	0.302677	3750	-0.549067	-296.003008
380	0.301458	3750	-0.551940	-296.554947
381	0.300242	3750	-0.562381	-297.117329
382	0.299029	3750	-0.538125	-297.655453
383	0.297819	3750	-0.533286	-298.188739
384	0.296611	3750	-0.539155	-298.727894
385	0.295407	3750	-0.536767	-299.264662
386	0.294206	3750	-0.545500	-299.810162
387	0.293007	3750	-0.534832	-300.344994
388	0.291812	3750	-0.539433	-300.884427
389	0.290619	3750	-0.544364	-301.428791
390	0.289430	3750	-0.535666	-301.964456
391	0.288243	3750	-0.525076	-302.489532
392	0.287059	3750	-0.538347	-303.027879
393	0.285879	3750	-0.528926	-303.556805
394	0.284701	3750	-0.529719	-304.086523
395	0.283526	3750	-0.531766	-304.618290
396	0.282354	3750	-0.525513	-305.143803
397	0.281184	3750	-0.520060	-305.663863
398	0.280018	3750	-0.528512	-306.192375
399	0.278855	3750	-0.525011	-306.717386
400	0.277694	3750	-0.506586	-307.223971
401	0.276537	3750	-0.520187	-307.744159
402	0.275382	3750	-0.521389	-308.265548
403	0.274230	3750	-0.519890	-308.785437
404	0.273082	3750	-0.525239	-309.310676
405	0.271936	3750	-0.520253	-309.830929
406	0.270793	3750	-0.509453	-310.340382
407	0.269652	3750	-0.524235	-310.864617
408	0.268515	3750	-0.513188	-311.377805
409	0.267381	3750	-0.505768	-311.883574
410	0.266249	3750	-0.517075	-312.400649
411	0.265121	3750	-0.491407	-312.892055
412	0.263995	3750	-0.508730	-313.400785
413	0.262872	3750	-0.505412	-313.906197
414	0.261752	3750	-0.510705	-314.416902
415	0.260635	3750	-0.511741	-314.928643
416	0.259520	3750	-0.511094	-315.439737
417	0.258409	3750	-0.505157	-315.944894
418	0.257300	3750	-0.492022	-316.436916
419	0.256195	3750	-0.493420	-316.930336
420	0.255092	3750	-0.498644	-317.428980
421	0.253992	3750	-0.497160	-317.926140
422	0.252895	3750	-0.497675	-318.423815
423	0.251800	3750	-0.485637	-318.909451
424	0.250709	3750	-0.496550	-319.406001
425	0.249620	3750	-0.500411	-319.906412
426	0.248534	3750	-0.497705	-320.404116
427	0.247451	3750	-0.496605	-320.900722
428	0.246371	3750	-0.485231	-321.385953
429	0.245294	3750	-0.490645	-321.876598
430	0.244220	3750	-0.484549	-322.361147
431	0.243148	3750	-0.485877	-322.847023
432	0.242079	3750	-0.486237	-323.333260
433	0.241013	3750	-0.496367	-323.829628
434	0.239950	3750	-0.476046	-324.305674
435	0.238890	3750	-0.471369	-324.777043
436	0.237832	3750	-0.481127	-325.258170
437	0.236778	3750	-0.483419	-325.741589
438	0.235726	3750	-0.483859	-326.225448
439	0.234677	3750	-0.480986	-326.706434
440	0.233630	3750	-0.484257	-327.190691
441	0.232587	3750	-0.472760	-327.663451
442	0.231546	3750	-0.466922	-328.130373
443	0.230509	3750	-0.469528	-328.599902
444	0.229473	3750	-0.467826	-329.067727
445	0.228441	3750	-0.467560	-329.535287
446	0.227412	3750	-0.474200	-330.009487
447	0.226385	3750	-0.468600	-330.478087
448	0.225361	3750	-0.469165	-330.947252
449	0.224340	3750	-0.462692	-331.409943
450	0.223322	3750	-0.466098	-331.876041
451	0.222306	3750	-0.470363	-332.346405
452	0.221293	3750	-0.463898	-332.810303
453	0.220283	3750	-0.457200	-333.267502
454	0.219276	3750	-0.456367	-333.723869
455	0.218272	3750	-0.467618	-334.191487
456	0.217270	3750	-0.458940	-334.650427
457	0.216271	3750	-0.453390	-335.103817
458	0.215275	3750	-0.456611	-335.560428
459	0.214281	3750	-0.457950	-336.018378
460	0.213291	3750	-0.449568	-336.467946
461	0.212303	3750	-0.457759	-336.925705
462	0.211318	3750	-0.453624	-337.379329
463	0.210335	3750	-0.453332	-337.832661
464	0.209356	3750	-0.449462	-338.282123
465	0.208379	3750	-0.441225	-338.723348
466	0.207404	3750	-0.441124	-339.164472
467	0.206433	3750	-0.442168	-339.606640
468	0.205464	3750	-0.443315	-340.049955
469	0.204498	3750	-0.443325	-340.493281
470	0.203535	3750	-0.437210	-340.930491
471	0.202575	3750	-0.447421	-341.377912
472	0.201617	3750	-0.436407	-341.814318
473	0.200662	3750	-0.439164	-342.253482
474	0.199709	3750	-0.440637	-342.694119
475	0.198760	3750	-0.432203	-343.126322
476	0.197813	3750	-0.435701	-343.562023
477	0.196869	3750	-0.434384	-343.996407
478	0.195927	3750	-0.437590	-344.433997
479	0.194988	3750	-0.437395	-344.871392
480	0.194052	3750	-0.422487	-345.293879
481	0.193119	3750	-0.429524	-345.723403
482	0.192188	3750	-0.429842	-346.153245
483	0.191260	3750	-0.421588	-346.574833
484	0.190335	3750	-0.428652	-347.003486
485	0.189412	3750	-0.434464	-347.437950
486	0.188492	3750	-0.424242	-347.862192
487	0.187575	3750	-0.420812	-348.283003
488	0.186660	3750	-0.423030	-348.706034
489	0.185749	3750	-0.418469	-349.124503
490	0.184839	3750	-0.404089	-349.528591
491	0.183933	3750	-0.414045	-349.942636
492	0.183029	3750	-0.421092	-350.363728
493	0.182128	3750	-0.406655	-350.770383
494	0.181229	3750	-0.407209	-351.177592
495	0.180333	3750	-0.421600	-351.599191
496	0.179440	3750	-0.414958	-352.014150
497	0.178550	3750	-0.406364	-352.420514
498	0.177662	3750	-0.411578	-352.832093
499	0.176777	3750	-0.411827	-353.243920
500	0.175894	3750	-0.410591	-353.654511
501	0.175014	3750	-0.401648	-354.056159
502	0.174137	3750	-0.405251	-354.461410
503	0.173262	3750	-0.407677	-354.869087
504	0.172390	3750	-0.405196	-355.274283
505	0.171521	3750	-0.406239	-355.680522
506	0.170654	3750	-0.397652	-356.078174
507	0.169790	3750	-0.395319	-356.473493
508	0.168929	3750	-0.401158	-356.874651
509	0.168070	3750	-0.398643	-357.273294
510	0.167214	3750	-0.385929	-357.659223
511	0.166360	3750	-0.397014	-358.056237
512	0.165509	3750	-0.387527	-358.443764
513	0.164661	3750	-0.384181	-358.827945
514	0.163815	3750	-0.389897	-359.217842
515	0.162972	3750	-0.398723	-359.616565
516	0.162132	3750	-0.384819	-360.001384
517	0.161294	3750	-0.388293	-360.389677
518	0.160458	3750	-0.393419	-360.783096
519	0.159626	3750	-0.375049	-361.158145
520	0.158796	3750	-0.381944	-361.540089
521	0.157968	3750	-0.386300	-361.926389
522	0.157143	3750	-0.382411	-362.308800
523	0.156321	3750	-0.376306	-362.685106
524	0.155501	3750	-0.381065	-363.066171
525	0.154684	3750	-0.382919	-363.449089
526	0.153870	3750	-0.369076	-363.818165
527	0.153058	3750	-0.378500	-364.196665
528	0.152248	3750	-0.372248	-364.568913
529	0.151441	3750	-0.371989	-364.940902
530	0.150637	3750	-0.373915	-365.314817
531	0.149835	3750	-0.371760	-365.686577
532	0.149036	3750	-0.377213	-366.063790
533	0.148240	3750	-0.376727	-366.440517
534	0.147446	3750	-0.367422	-366.807939
535	0.146654	3750	-0.369227	-367.177166
536	0.145865	3750	-0.369384	-367.546549
537	0.145079	3750	-0.372820	-367.919369
538	0.144295	3750	-0.370026	-368.289395
539	0.143514	3750	-0.370169	-368.659564
540	0.142735	3750	-0.366145	-369.025709
541	0.141959	3750	-0.368161	-369.393871
542	0.141186	3750	-0.359543	-369.753413
543	0.140415	3750	-0.361214	-370.114627
544	0.139646	3750	-0.361548	-370.476175
545	0.138880	3750	-0.364328	-370.840503
546	0.138116	3750	-0.352683	-371.193185
547	0.137356	3750	-0.352967	-371.546152
548	0.136597	3750	-0.354126	-371.900277
549	0.135841	3750	-0.357293	-372.257571
550	0.135088	3750	-0.360169	-372.617740
551	0.134337	3750	-0.346678	-372.964417
552	0.133588	3750	-0.355033	-373.319450
553	0.132843	3750	-0.354449	-373.673900
554	0.132099	3750	-0.347098	-374.020997
555	0.131358	3750	-0.349078	-374.370075
556	0.130620	3750	-0.345042	-374.715117
557	0.129884	3750	-0.342521	-375.057638
558	0.129151	3750	-0.342195	-375.399833
559	0.128420	3750	-0.339635	-375.739469
560	0.127691	3750	-0.343810	-376.083278
561	0.126965	3750	-0.341069	-376.424347
562	0.126242	3750	-0.343811	-376.768158
563	0.125521	3750	-0.334904	-377.103063
564	0.124802	3750	-0.330598	-377.433661
565	0.124086	3750	-0.339217	-377.772878
566	0.123373	3750	-0.324924	-378.097802
567	0.122662	3750	-0.334825	-378.432628
568	0.121953	3750	-0.333369	-378.765997
569	0.121247	3750	-0.333266	-379.099263
570	0.120543	3750	-0.330982	-379.430245
571	0.119842	3750	-0.333851	-379.764096
572	0.119143	3750	-0.322735	-380.086831
573	0.118447	3750	-0.330016	-380.416847
574	0.117753	3750	-0.324705	-380.741552
575	0.117062	3750	-0.317457	-381.059009
576	0.116373	3750	-0.325676	-381.384685
577	0.115686	3750	-0.319547	-381.704232
578	0.115002	3750	-0.316028	-382.020260
579	0.114320	3750	-0.321721	-382.341980
580	0.113641	3750	-0.317078	-382.659059
581	0.112964	3750	-0.317423	-382.976482
582	0.112290	3750	-0.314407	-383.290889
583	0.111618	3750	-0.318520	-383.609409
584	0.110948	3750	-0.320125	-383.929534
585	0.110281	3750	-0.317503	-384.247037
586	0.109616	3750	-0.309607	-384.556644
587	0.108954	3750	-0.310855	-384.867499
588	0.108294	3750	-0.308198	-385.175698
589	0.107637	3750	-0.316321	-385.492018
590	0.106981	3750	-0.309495	-385.801514
591	0.106329	3750	-0.306609	-386.108122
592	0.105678	3750	-0.303079	-386.411202
593	0.105030	3750	-0.303160	-386.714362
594	0.104385	3750	-0.300118	-387.014481
595	0.103742	3750	-0.301510	-387.315991
596	0.103101	3750	-0.296442	-387.612433
597	0.102463	3750	-0.303460	-387.915893
598	0.101827	3750	-0.294269	-388.210161
599	0.101193	3750	-0.301410	-388.511572
600	0.100562	3750	-0.300061	-388.811633
601	0.099933	3750	-0.301996	-389.113629
602	0.099306	3750	-0.294690	-389.408319
603	0.098682	3750	-0.297336	-389.705655
604	0.098060	3750	-0.295754	-390.001409
605	0.097441	3750	-0.292926	-390.294334
606	0.096824	3750	-0.291571	-390.585905
607	0.096209	3750	-0.291708	-390.877614
608	0.095596	3750	-0.287648	-391.165262
609	0.094986	3750	-0.286973	-391.452234
610	0.094379	3750	-0.294726	-391.746961
611	0.093773	3750	-0.283640	-392.030601
612	0.093170	3750	-0.281526	-392.312127
613	0.092570	3750	-0.285178	-392.597305
614	0.091971	3750	-0.285097	-392.882403
615	0.091375	3750	-0.283357	-393.165760
616	0.090781	3750	-0.280588	-393.446348
617	0.090190	3750	-0.282618	-393.728966
618	0.089601	3750	-0.281755	-394.010721
619	0.089014	3750	-0.275032	-394.285753
620	0.088430	3750	-0.280318	-394.566071
621	0.087848	3750	-0.278426	-394.844496
622	0.087268	3750	-0.275430	-395.119927
623	0.086690	3750	-0.271577	-395.391503
624	0.086115	3750	-0.270593	-395.662097
625	0.085542	3750	-0.271328	-395.933425
626	0.084971	3750	-0.269356	-396.202780
627	0.084403	3750	-0.270144	-396.472924
628	0.083837	3750	-0.265735	-396.738659
629	0.083273	3750	-0.267215	-397.005874
630	0.082712	3750	-0.264549	-397.270424
631	0.082152	3750	-0.263717	-397.534141
632	0.081595	3750	-0.267731	-397.801872
633	0.081041	3750	-0.268126	-398.069998
634	0.080488	3750	-0.262376	-398.332374
635	0.079938	3750	-0.263914	-398.596288
636	0.079390	3750	-0.260809	-398.857097
637	0.078845	3750	-0.262897	-399.119994
638	0.078301	3750	-0.259965	-399.379958
639	0.077760	3750	-0.263860	-399.643818
640	0.077221	3750	-0.253723	-399.897541
641	0.076684	3750	-0.256536	-400.154077
642	0.076150	3750	-0.252956	-400.407033
643	0.075618	3750	-0.252405	-400.659438
644	0.075088	3750	-0.256817	-400.916255
645	0.074560	3750	-0.247888	-401.164143
646	0.074035	3750	-0.251405	-401.415547
647	0.073512	3750	-0.252101	-401.667649
648	0.072991	3750	-0.250710	-401.918359
649	0.072472	3750	-0.251162	-402.169521
650	0.071955	3750	-0.246336	-402.415857
651	0.071441	3750	-0.251417	-402.667274
652	0.070929	3750	-0.240027	-402.907301
653	0.070419	3750	-0.243016	-403.150317
654	0.069911	3750	-0.240762	-403.391079
655	0.069406	3750	-0.246590	-403.637669
656	0.068903	3750	-0.241743	-403.879412
657	0.068401	3750	-0.231721	-404.111133
658	0.067903	3750	-0.236240	-404.347373
659	0.067406	3750	-0.234690	-404.582063
660	0.066911	3750	-0.236157	-404.818220
661	0.066419	3750	-0.231756	-405.049977
662	0.065929	3750	-0.242253	-405.292229
663	0.065441	3750	-0.236006	-405.528236
664	0.064955	3750	-0.236583	-405.764819
665	0.064471	3750	-0.229815	-405.994634
666	0.063990	3750	-0.235487	-406.230121
667	0.063510	3750	-0.223956	-406.454077
668	0.063033	3750	-0.221767	-406.675844
669	0.062558	3750	-0.230941	-406.906785
670	0.062085	3750	-0.229300	-407.136085
671	0.061615	3750	-0.233294	-407.369379
672	0.061146	3750	-0.225849	-407.595228
673	0.060680	3750	-0.223014	-407.818242
674	0.060216	3750	-0.228001	-408.046243
675	0.059753	3750	-0.219429	-408.265672
676	0.059293	3750	-0.219772	-408.485444
677	0.058836	3750	-0.226646	-408.712090
678	0.058380	3750	-0.221194	-408.933284
679	0.057926	3750	-0.216879	-409.150164
680	0.057475	3750	-0.219613	-409.369776
681	0.057025	3750	-0.214492	-409.584268
682	0.056578	3750	-0.218932	-409.803200
683	0.056133	3750	-0.215227	-410.018427
684	0.055690	3750	-0.214745	-410.233172
685	0.055249	3750	-0.214981	-410.448153
686	0.054810	3750	-0.211868	-410.660022
687	0.054373	3750	-0.209129	-410.869151
688	0.053939	3750	-0.215522	-411.084673
689	0.053506	3750	-0.208189	-411.292862
690	0.053076	3750	-0.206383	-411.499245
691	0.052647	3750	-0.205179	-411.704424
692	0.052221	3750	-0.204349	-411.908774
693	0.051797	3750	-0.207786	-412.116560
694	0.051375	3750	-0.210027	-412.326587
695	0.050955	3750	-0.205080	-412.531667
696	0.050537	3750	-0.204120	-412.735787
697	0.050121	3750	-0.199868	-412.935655
698	0.049707	3750	-0.197955	-413.133610
699	0.049295	3750	-0.205504	-413.339114
700	0.048885	3750	-0.198107	-413.537220
701	0.048478	3750	-0.198189	-413.735409
702	0.048072	3750	-0.197270	-413.932679
703	0.047668	3750	-0.199372	-414.132051
704	0.047267	3750	-0.194340	-414.326392
705	0.046867	3750	-0.196081	-414.522473
706	0.046470	3750	-0.191944	-414.714417
707	0.046074	3750	-0.195735	-414.910153
708	0.045681	3750	-0.187128	-415.097280
709	0.045289	3750	-0.187612	-415.284892
710	0.044900	3750	-0.186805	-415.471697
711	0.044512	3750	-0.184694	-415.656391
712	0.044127	3750	-0.189744	-415.846135
713	0.043744	3750	-0.190614	-416.036749
714	0.043362	3750	-0.193851	-416.230600
715	0.042983	3750	-0.183569	-416.414169
716	0.042606	3750	-0.185471	-416.599640
717	0.042230	3750	-0.188887	-416.788528
718	0.041857	3750	-0.185610	-416.974137
719	0.041485	3750	-0.187321	-417.161458
720	0.041116	3750	-0.181950	-417.343408
721	0.040749	3750	-0.182176	-417.525585
722	0.040383	3750	-0.176539	-417.702123
723	0.040020	3750	-0.182889	-417.885013
724	0.039658	3750	-0.176659	-418.061672
725	0.039299	3750	-0.177019	-418.238690
726	0.038941	3750	-0.175973	-418.414663
727	0.038585	3750	-0.177406	-418.592069
728	0.038232	3750	-0.172840	-418.764909
729	0.037880	3750	-0.176100	-418.941009
730	0.037530	3750	-0.175649	-419.116658
731	0.037182	3750	-0.169471	-419.286129
732	0.036836	3750	-0.167612	-419.453741
733	0.036493	3750	-0.177635	-419.631376
734	0.036151	3750	-0.171622	-419.802998
735	0.035810	3750	-0.171593	-419.974591
736	0.035472	3750	-0.170864	-420.145456
737	0.035136	3750	-0.173772	-420.319227
738	0.034802	3750	-0.171234	-420.490462
739	0.034469	3750	-0.162634	-420.653096
740	0.034139	3750	-0.169260	-420.822356
741	0.033810	3750	-0.162376	-420.984732
742	0.033484	3750	-0.161443	-421.146175
743	0.033159	3750	-0.159263	-421.305438
744	0.032836	3750	-0.160551	-421.465990
745	0.032515	3750	-0.161977	-421.627966
746	0.032196	3750	-0.173106	-421.801072
747	0.031879	3750	-0.161773	-421.962845
748	0.031563	3750	-0.157067	-422.119912
749	0.031250	3750	-0.153797	-422.273709
750	0.030938	3750	-0.158716	-422.432425
751	0.030629	3750	-0.158475	-422.590901
752	0.030321	3750	-0.153372	-422.744272
753	0.030015	3750	-0.148507	-422.892780
754	0.029711	3750	-0.151832	-423.044611
755	0.029409	3750	-0.155658	-423.200270
756	0.029108	3750	-0.153564	-423.353834
757	0.028810	3750	-0.155481	-423.509314
758	0.028513	3750	-0.149168	-423.658482
759	0.028218	3750	-0.153373	-423.811855
760	0.027925	3750	-0.164341	-423.976195
761	0.027634	3750	-0.151961	-424.128157
762	0.027345	3750	-0.151089	-424.279246
763	0.027057	3750	-0.181601	-424.460846
764	0.026771	3750	-0.146992	-424.607838
765	0.026487	3750	-0.153074	-424.760912
766	0.026205	3750	-0.153380	-424.914292
767	0.025925	3750	-0.151846	-425.066139
768	0.025647	3750	-0.147941	-425.214079
769	0.025370	3750	-0.141963	-425.356042
770	0.025095	3750	-0.135334	-425.491376
771	0.024822	3750	-0.145017	-425.636393
772	0.024551	3750	-0.145534	-425.781927
773	0.024281	3750	-0.143906	-425.925833
774	0.024014	3750	-0.140041	-426.065874
775	0.023748	3750	-0.138657	-426.204531
776	0.023483	3750	-0.143927	-426.348458
777	0.023221	3750	-0.146225	-426.494683
778	0.022960	3750	-0.147880	-426.642563
779	0.022702	3750	-0.133889	-426.776452
780	0.022445	3750	-0.141260	-426.917712
781	0.022189	3750	-0.133642	-427.051354
782	0.021936	3750	-0.132702	-427.184056
783	0.021684	3750	-0.138435	-427.322491
784	0.021434	3750	-0.134159	-427.456650
785	0.021185	3750	-0.135083	-427.591733
786	0.020939	3750	-0.136419	-427.728152
787	0.020694	3750	-0.141450	-427.869602
788	0.020451	3750	-0.132670	-428.002273
789	0.020209	3750	-0.134598	-428.136871
790	0.019969	3750	-0.133541	-428.270411
791	0.019731	3750	-0.129676	-428.400087
792	0.019495	3750	-0.153102	-428.553189
793	0.019261	3750	-0.127712	-428.680902
794	0.019028	3750	-0.121806	-428.802708
795	0.018796	3750	-0.146317	-428.949025
796	0.018567	3750	-0.130675	-429.079700
797	0.018339	3750	-0.159330	-429.239030
798	0.018113	3750	-0.126728	-429.365759
799	0.017889	3750	-0.142831	-429.508590
800	0.017666	3750	-0.134557	-429.643147
801	0.017445	3750	-0.128553	-429.771700
802	0.017225	3750	-0.140269	-429.911969
803	0.017007	3750	-0.119290	-430.031259
804	0.016791	3750	-0.130961	-430.162220
805	0.016577	3750	-0.141860	-430.304080
806	0.016364	3750	-0.120425	-430.424505
807	0.016153	3750	-0.116011	-430.540515
808	0.015943	3750	-0.152550	-430.693066
809	0.015736	3750	-0.114530	-430.807596
810	0.015529	3750	-0.122458	-430.930054
811	0.015325	3750	-0.126351	-431.056405
812	0.015122	3750	-0.111347	-431.167752
813	0.014920	3750	-0.116166	-431.283918
814	0.014721	3750	-0.117169	-431.401087
815	0.014523	3750	-0.124767	-431.525854
816	0.014326	3750	-0.129601	-431.655455
817	0.014131	3750	-0.134645	-431.790101
818	0.013938	3750	-0.146649	-431.936749
819	0.013746	3750	-0.138386	-432.075135
820	0.013556	3750	-0.118350	-432.193485
821	0.013367	3750	-0.113422	-432.306906
822	0.013181	3750	-0.114466	-432.421373
823	0.012995	3750	-0.112077	-432.533450
824	0.012811	3750	-0.113992	-432.647442
825	0.012629	3750	-0.131075	-432.778517
826	0.012448	3750	-0.118182	-432.896699
827	0.012269	3750	-0.120248	-433.016947
828	0.012092	3750	-0.120229	-433.137176
829	0.011916	3750	-0.117495	-433.254671
830	0.011741	3750	-0.108443	-433.363114
831	0.011568	3750	-0.124773	-433.487886
832	0.011397	3750	-0.119896	-433.607782
833	0.011227	3750	-0.115121	-433.722903
834	0.011059	3750	-0.113118	-433.836021
835	0.010892	3750	-0.109008	-433.945030
836	0.010727	3750	-0.118687	-434.063717
837	0.010563	3750	-0.117028	-434.180745
838	0.010401	3750	-0.122128	-434.302874
839	0.010240	3750	-0.121564	-434.424437
840	0.010081	3750	-0.125998	-434.550435
841	0.009923	3750	-0.117840	-434.668275
842	0.009767	3750	-0.120533	-434.788808
843	0.009612	3750	-0.108030	-434.896838
844	0.009459	3750	-0.114508	-435.011346
845	0.009307	3750	-0.122109	-435.133455
846	0.009156	3750	-0.110671	-435.244125
847	0.009008	3750	-0.114337	-435.358462
848	0.008860	3750	-0.104238	-435.462700
849	0.008714	3750	-0.118492	-435.581192
850	0.008570	3750	-0.113079	-435.694271
851	0.008427	3750	-0.117606	-435.811877
852	0.008285	3750	-0.110698	-435.922575
853	0.008145	3750	-0.110730	-436.033306
854	0.008006	3750	-0.106800	-436.140105
855	0.007869	3750	-0.103990	-436.244096
856	0.007733	3750	-0.097027	-436.341123
857	0.007598	3750	-0.112527	-436.453650
858	0.007465	3750	-0.109952	-436.563601
859	0.007334	3750	-0.103134	-436.666735
860	0.007203	3750	-0.107886	-436.774622
861	0.007075	3750	-0.105818	-436.880440
862	0.006947	3750	-0.105765	-436.986205
863	0.006821	3750	-0.105888	-437.092092
864	0.006696	3750	-0.098275	-437.190367
865	0.006573	3750	-0.103044	-437.293411
866	0.006451	3750	-0.097311	-437.390722
867	0.006330	3750	-0.097484	-437.488207
868	0.006211	3750	-0.102613	-437.590820
869	0.006093	3750	-0.099085	-437.689905
870	0.005977	3750	-0.090303	-437.780208
871	0.005862	3750	-0.093571	-437.873779
872	0.005748	3750	-0.100283	-437.974062
873	0.005635	3750	-0.092446	-438.066508
874	0.005524	3750	-0.093492	-438.159999
875	0.005414	3750	-0.091230	-438.251229
876	0.005306	3750	-0.086736	-438.337965
877	0.005199	3750	-0.086457	-438.424422
878	0.005093	3750	-0.086582	-438.511004
879	0.004988	3750	-0.096224	-438.607228
880	0.004885	3750	-0.087463	-438.694691
881	0.004783	3750	-0.086111	-438.780802
882	0.004682	3750	-0.083145	-438.863947
883	0.004583	3750	-0.083594	-438.947541
884	0.004485	3750	-0.079050	-439.026591
885	0.004388	3750	-0.081127	-439.107718
886	0.004292	3750	-0.082013	-439.189730
887	0.004198	3750	-0.080348	-439.270078
888	0.004105	3750	-0.077256	-439.347334
889	0.004013	3750	-0.077782	-439.425116
890	0.003923	3750	-0.078647	-439.503763
891	0.003833	3750	-0.079295	-439.583058
892	0.003745	3750	-0.071889	-439.654948
893	0.003658	3750	-0.077587	-439.732535
894	0.003573	3750	-0.074383	-439.806918
895	0.003488	3750	-0.075685	-439.882602
896	0.003405	3750	-0.070246	-439.952849
897	0.003323	3750	-0.071156	-440.024005
898	0.003242	3750	-0.068105	-440.092109
899	0.003162	3750	-0.069697	-440.161806
900	0.003084	3750	-0.066626	-440.228432
901	0.003007	3750	-0.074034	-440.302466
902	0.002930	3750	-0.068181	-440.370647
903	0.002855	3750	-0.068354	-440.439001
904	0.002782	3750	-0.062901	-440.501902
905	0.002709	3750	-0.063324	-440.565226
906	0.002638	3750	-0.063949	-440.629175
907	0.002567	3750	-0.063045	-440.692220
908	0.002498	3750	-0.064003	-440.756223
909	0.002430	3750	-0.058690	-440.814913
910	0.002363	3750	-0.058412	-440.873326
911	0.002297	3750	-0.056496	-440.929821
912	0.002233	3750	-0.055719	-440.985540
913	0.002169	3750	-0.056345	-441.041885
914	0.002106	3750	-0.054279	-441.096164
915	0.002045	3750	-0.052051	-441.148215
916	0.001985	3750	-0.052268	-441.200483
917	0.001925	3750	-0.054150	-441.254633
918	0.001867	3750	-0.051736	-441.306369
919	0.001810	3750	-0.048682	-441.355051
920	0.001754	3750	-0.048696	-441.403747
921	0.001699	3750	-0.053562	-441.457309
922	0.001645	3750	-0.046148	-441.503458
923	0.001592	3750	-0.044666	-441.548124
924	0.001540	3750	-0.045041	-441.593165
925	0.001490	3750	-0.042795	-441.635960
926	0.001440	3750	-0.044713	-441.680673
927	0.001391	3750	-0.043155	-441.723828
928	0.001343	3750	-0.043135	-441.766963
929	0.001296	3750	-0.043123	-441.810086
930	0.001251	3750	-0.039738	-441.849824
931	0.001206	3750	-0.039590	-441.889415
932	0.001162	3750	-0.042202	-441.931616
933	0.001119	3750	-0.038646	-441.970262
934	0.001077	3750	-0.036085	-442.006347
935	0.001036	3750	-0.037594	-442.043941
936	0.000996	3750	-0.037992	-442.081934
937	0.000957	3750	-0.033910	-442.115844
938	0.000919	3750	-0.032887	-442.148731
939	0.000882	3750	-0.033217	-442.181948
940	0.000846	3750	-0.031851	-442.213799
941	0.000810	3750	-0.033062	-442.246861
942	0.000776	3750	-0.029515	-442.276376
943	0.000742	3750	-0.032806	-442.309182
944	0.000709	3750	-0.029733	-442.338915
945	0.000678	3750	-0.028257	-442.367172
946	0.000647	3750	-0.027920	-442.395092
947	0.000617	3750	-0.026154	-442.421246
948	0.000587	3750	-0.027026	-442.448272
949	0.000559	3750	-0.025563	-442.473835
950	0.000531	3750	-0.024153	-442.497988
951	0.000505	3750	-0.023185	-442.521173
952	0.000479	3750	-0.023686	-442.544859
953	0.000454	3750	-0.021574	-442.566433
954	0.000430	3750	-0.021921	-442.588354
955	0.000406	3750	-0.020900	-442.609254
956	0.000383	3750	-0.020553	-442.629808
957	0.000362	3750	-0.022056	-442.651864
958	0.000340	3750	-0.020351	-442.672215
959	0.000320	3750	-0.018265	-442.690480
960	0.000300	3750	-0.016979	-442.707458
961	0.000281	3750	-0.017361	-442.724819
962	0.000263	3750	-0.016564	-442.741383
963	0.000246	3750	-0.015693	-442.757076
964	0.000229	3750	-0.015898	-442.772974
965	0.000213	3750	-0.014303	-442.787277
966	0.000198	3750	-0.013354	-442.800631
967	0.000183	3750	-0.013628	-442.814259
968	0.000169	3750	-0.012222	-442.826481
969	0.000156	3750	-0.012884	-442.839365
970	0.000143	3750	-0.011070	-442.850435
971	0.000131	3750	-0.010813	-442.861248
972	0.000120	3750	-0.010095	-442.871343
973	0.000109	3750	-0.009784	-442.881127
974	0.000099	3750	-0.010071	-442.891199
975	0.000089	3750	-0.008343	-442.899542
976	0.000080	3750	-0.008442	-442.907984
977	0.000072	3750	-0.007467	-442.915451
978	0.000064	3750	-0.007836	-442.923287
979	0.000057	3750	-0.006817	-442.930104
980	0.000050	3750	-0.006413	-442.936517
981	0.000043	3750	-0.006150	-442.942667
982	0.000038	3750	-0.005216	-442.947883
983	0.000032	3750	-0.004639	-442.952522
984	0.000028	3750	-0.004410	-442.956932
985	0.000023	3750	-0.003789	-442.960721
986	0.000019	3750	-0.003720	-442.964441
987	0.000016	3750	-0.003190	-442.967631
988	0.000013	3750	-0.003010	-442.970641
989	0.000010	3750	-0.002369	-442.973010
990	0.000008	3750	-0.002111	-442.975120
991	0.000006	3750	-0.001731	-442.976851
992	0.000004	3750	-0.001504	-442.978355
993	0.000003	3750	-0.001160	-442.979515
994	0.000002	3750	-0.000906	-442.980421
995	0.000001	3750	-0.000689	-442.981110
996	0.000000	3750	-0.000465	-442.981575
997	0.000000	3750	-0.000292	-442.981867
998	0.000000	3750	-0.000130	-442.981997
999	0.000000	3750	-0.000029	-442.982026
Log marginal likelihood:	-442.982026
